103.4475289523685,56.02202543042615
105.1878559403631,56.267982095887305
103.42475813355888,56.4509029273674
105.04975070564205,56.50877738319235
103.35252488087359,56.3951438077475
101.9297907313791,55.97333308306007
101.85392575681381,56.12931975610637
105.1288496342541,56.28508091629545
103.39632956871202,56.71441030076332
101.78043734405286,55.945333261869024
103.50036564805922,56.844629406199125
105.64948081546854,56.632527385891116
103.18961711811414,56.815153755579075
103.53014422761962,55.98817459119275
105.93886175466373,56.58868694504463
102.24453393280936,56.641037015264864
102.02432422305378,56.015841401044646
103.08486730311812,56.252641722097785
102.30172541443049,56.6658301006176
103.28806439239295,56.25361940364998
103.05853188627871,56.721341779142854
102.05784479508647,56.390035474311865
103.71357368955009,56.62167297353754
103.37050966383832,56.11391561824841
103.44554963113235,56.29543043356949
101.96169162072488,55.85949721160254
102.53756876791036,56.151151754682516
102.27526082081387,57.26337386489538
102.46961246808522,56.82642650685648
103.12406886596693,57.02312586121978
102.38194133445138,57.22593533480741
105.70676599855487,56.11620849521532
103.46265260750205,56.53201653711633
105.36844799174442,56.1622102487673
103.49531405998333,56.25237629275312
103.36048596164757,56.41385147852722
103.67632601889402,56.62311580729569
105.68433236427573,56.185812830342456
102.34737077498625,57.168867723485604
103.08571823809268,56.44788421678067
103.78394737496284,56.52132636073768
102.53245731507343,56.76463748109528
103.41586393340168,56.82032668577882
103.11783852886302,56.79189421272235
105.63574156318903,56.34345691118849
103.14378007755371,56.85188039635336
102.20691325190607,56.640965860595905
102.54818729132377,57.23967019198659
102.2637415504761,57.26949430681991
102.04091815057795,55.99041361408828
102.71839260198745,56.82037185963056
105.92338598401244,56.535443658236744
103.76992048737857,56.06887224464423
105.17585683946488,56.57771331519884
103.72619190611465,56.67352256719613
102.75919822534684,56.039345832388705
103.34236450627944,56.13657970874077
102.06981942579607,56.40544575229346
102.04317045828903,56.21105011593377
105.05132763021278,56.33390151907761
102.45275478696313,56.18758410358566
102.853471196247,56.89333889847819
102.00241619183821,55.931054400538095
102.92043305232902,56.43069835307353
102.97540318357302,56.59300584947536
105.33119495048606,56.19596499044146
103.30101344404424,56.2527479939071
102.41787611204253,56.736646526082
105.60658896027826,56.73512607427051
103.87014474641974,56.68465226692464
105.8604312957585,56.52826914360282
101.90408983583119,56.3215485898287
105.50612394396194,56.33017594624409
103.20198833411833,56.53807919123811
102.25691043363331,56.59272488645654
104.84628207558247,56.27975247255283
105.6833800417202,56.08966457137996
102.61933454368352,56.90971119887273
103.81906953216227,56.57774200501351
103.79723836555735,56.403185418521026
103.1033260921328,56.99302576815338
102.34265080045182,56.59979410573177
102.49544114846513,56.73941082750674
102.32268726803825,56.39543283472298
103.66177941695905,56.49277284936877
102.36255322061457,57.15709179318522
105.24293206743587,56.16912121610015
102.59366154612425,57.034440433448374
105.10965210558604,56.657280940880476
103.6371863498076,56.62284907495123
103.72221459879913,56.2483686906624
105.91453312262345,56.54224007934608
102.24107983837806,56.68496841771914
102.49474828770141,57.15480149530558
102.7001860866611,55.94103265828314
105.92062787552128,56.494543669940555
102.23229370152828,55.947652887177284
101.85595698063786,55.826285049283406
102.84341141747517,56.65840856382151
102.2948889713619,57.26238130770851
102.04847534906656,55.960230934358925
102.72607244697352,56.38325450081747
105.4109306728368,56.14272022395537
102.89877588087118,56.47019523055573
102.18695316597116,56.81629891848757
103.48055810838133,56.617092606742915
101.97038601512781,56.00158431587258
103.81419722676071,56.23860073566307
102.39346648830252,57.17966275939851
105.08533414423057,56.30770465927012
103.23657351999628,56.50979313415815
102.52116552496412,57.0792205382301
103.63332060100288,56.65058835221535
103.77656768696008,56.62235030507775
102.26016600131521,56.65983879415277
102.38281629796764,57.16411064928029
103.10005710002345,56.50208787163949
103.19883851566684,56.58073396235895
102.93338725030026,57.03420466492876
102.52434676187266,56.214637359677766
102.41904479417951,57.07895437071057
105.1164507140125,56.643671438197934
102.90491718315116,56.258266656082064
102.21760955668911,55.90266860946618
103.43136001918862,56.63262379461801
105.04136835691041,56.21237483085677
102.42142249210025,56.91270183090052
103.44950701537941,56.52650227831449
102.77244140718489,56.89525199612995
103.11788890101047,56.45036978479447
102.45754218650316,56.05496064157839
103.83051670378153,56.62176491634011
105.48985906297425,56.003175428699564
105.58704804938641,56.23361501464443
103.4537691969216,56.480667079999975
103.53769901497564,56.57478202315764
102.0912629888679,56.213802886649226
102.39454161082602,57.183713519200445
101.94423076669732,56.05832912744094
102.49105707497611,56.78096916960229
103.67803480616068,56.57842568748093
105.28186630269717,56.548225056697106
102.88843669756697,56.60848722626187
102.18684034236205,56.209738082693455
102.31362309789277,57.236232879527776
102.25711358153886,57.15924504059631
103.29280609828173,56.2469665922837
101.9844937836727,55.93179420616913
102.20895346374088,56.75010052078854
105.50458843393429,56.23471910836821
102.43798601994138,57.210739205501916
104.9958679966517,56.183431289975566
102.51591630381428,57.29270389384424
103.518430028969,56.21307700384574
103.69863358360632,55.913991439426546
102.04793055275385,56.3745113803142
105.31411997704069,56.39019408763628
102.81022374385343,56.87575202773923
101.91040619723917,56.30916726762246
102.19860758952828,56.0302120728838
102.84507916518719,56.95068204099197
102.17567288036804,56.62298582421576
105.72687904120957,56.075760384178004
105.53259318306392,56.64257118722477
105.93789351867605,56.52096810712185
103.35314695503244,56.773561259730066
101.90837203653494,56.20618297415455
105.11267606755065,56.32004371183862
102.11767684770804,56.804531766388365
103.43923621382125,56.07480655045147
103.421784948789,56.439929530377704
105.09167536093238,56.36196487539111
103.02705673411258,56.63702121359979
103.4716388722859,56.76788663956596
102.5502026586481,56.89194645269224
102.23719275024577,57.11694875651969
102.36470653692996,56.89984003883829
103.07970073800763,57.01569450692533
102.45805738177592,56.78644734209122
103.36981676727784,56.31735639936336
102.5862247607604,56.91792438896511
101.94238724770068,56.35944325217953
105.63369310041685,56.18200687456579
102.33225323027115,56.147400484646596
102.2710733013667,57.24631359628117
102.44333765281145,56.09299608939074
102.35148159440459,56.98629445034239
105.03806130291431,56.57731208064921
103.23928693009233,56.77719958774585
102.1749665038679,55.941396886219735
102.58641420386179,56.59178096946251
102.04140687937598,55.9415990629828
102.40912733871919,56.61626358884315
102.78426268450237,56.207133945388534
105.33211406791317,56.62792972350273
102.10989920254353,56.08882576610131
105.08629357201848,56.361440791797136
102.30236359017073,56.66567330841495
101.8615304286272,55.98643881672197
102.03188945798652,56.56274325556073
103.0290758083295,56.914893833203664
102.47347928596773,56.188398417995536
102.8045445613288,56.43245378218754
104.96777140144991,56.21419273874104
105.54075630367205,56.17016459280947
102.92298112573327,56.5747884751818
105.22599171468269,56.206903576986406
102.29138486990435,57.217032192783336
103.04222160939514,56.254603807025866
103.33937930776374,56.44310435182348
103.1596295930373,56.36234720722885
105.60728781170056,56.61359974700385
101.85365265264632,55.96354313611253
103.82951070495908,56.25181717015443
105.40910331026657,56.15478106276092
103.29676231079434,56.72348272418518
103.18353304890113,56.62465991752895
105.73318024853882,56.7495973633315
102.33699813413642,57.184238834398386
105.12361630680783,56.65706001660993
101.82885270824418,55.8628076059095
102.55829360418544,56.943746942548366
103.34431354784981,56.41191654216098
105.46102835236756,56.177975921856124
102.99677915476518,56.94419343620087
102.41311997933005,56.90033187747644
102.6657513513062,56.756800239984486
105.96879272923402,56.58614840180265
102.1147849361628,55.94564270354296
102.91824856549079,56.5800169728199
105.1405132072817,56.463455316300234
102.39985064878499,57.079350703509284
105.6000849323824,56.62308105921432
103.10753146098644,56.448917985918186
105.03964087047434,56.210701293024734
105.29227276310455,56.06939605105278
105.57211411504404,56.22711846806031
103.07633072135616,57.04593994451273
103.11716229167351,56.772541889789956
102.9120035078805,56.90238945388842
102.7507681482809,56.56659247715122
103.30440786932014,56.25663138564396
102.54375069776962,57.046121892484074
102.58639066668226,56.65835975594526
105.7184264278469,56.751187697196265
105.27490457549617,56.26522462524583
105.43747401228818,56.61911547596118
101.91928728494868,55.93483903311696
105.00839092083665,56.328888945474986
102.91460176440984,56.8804050718885
105.27226133135471,56.19580461351379
102.79656266514405,57.075904671886846
102.39625095184094,57.13194986196627
103.27996384066405,56.247442487644875
103.85776405934843,56.63710832406741
102.86201417757555,57.10362691471346
102.06993286269687,56.210605192167066
103.14890721795305,56.89196465469583
105.44634698016037,56.33521458639131
102.36005801504463,57.07699529420041
103.2292052747306,56.15900280052983
102.36035060069658,56.599808348144784
102.41470971579116,56.60857926136078
102.1691627312263,56.39003165849776
103.09786856096987,56.79046712308282
103.54808708278776,56.57351312757573
102.53888188360196,56.74273804042738
102.626003593232,56.809337238410365
103.57043164151622,56.00411633162148
102.42907776326511,56.1099493293371
102.34735327259006,57.04971454643783
105.74040417204452,56.362263121193756
103.51117567340799,56.094207397803665
103.4959812453278,56.027749724790844
105.0536059148201,56.65832747401396
102.18670559828466,57.07487247097434
105.11069621048,56.31255545412269
102.25413334397018,56.690818832674026
102.90153006152298,56.37028501667173
103.10005606479764,56.25325253563301
102.3017690218804,57.22920450937046
103.47408178312288,56.40838297349835
102.41997827179092,56.2083333521753
102.02801754970905,56.64301077044815
105.41955833131568,56.18171884691652
102.5295119815905,56.20356173447215
102.18935293828524,56.49307020657062
103.10844731672314,56.77601042341673
102.57537356692579,56.93602701501189
103.0988842087368,57.025876275733154
103.03885606533507,56.66909554831498
102.88032049655637,56.58050795535067
103.03535032198992,56.26485225955837
102.84711308845252,57.07711831595412
105.13080422212856,56.46390837074912
102.20922568698221,56.14593173215152
102.14693431518116,56.78706920757209
103.42565390390914,56.843618323391944
105.64078192047957,56.753280628109295
102.40844168051065,56.788952764767075
105.27416092745099,56.48424959872303
102.86218142424295,56.90429750422664
103.09812203576587,56.726961363475546
102.26939723037972,57.126357365203226
105.25978776978843,56.636035607405255
105.46666873042999,56.3481876978383
101.97869350951227,56.233086303528786
102.67115944125159,56.67761887417198
102.38357472994755,56.87641025005889
102.00985056930628,56.36325418757781
102.9168158331399,56.42765395343052
104.93692976025552,56.217996934195405
102.26849000974498,56.607190157391365
103.71474100459423,56.426102854295905
102.1199337728742,56.196591803103054
103.69031516047303,56.581436842759395
102.94397073481986,56.57271447863898
105.14857925250065,56.655416752471666
102.49666286305983,56.99496836943172
102.06113810170888,55.9235168629843
105.2928017358993,56.15302287266704
102.61556653962785,57.15097246799208
102.34796729608438,56.210015861352474
103.52661239332336,56.24150884597492
102.52806975928772,57.06069304877321
101.81187983044705,55.95060954257801
102.8781965960664,56.62548424967801
102.97344684696814,56.57789135939116
103.12157548688018,56.4512970368671
102.25267091475851,57.07370505957495
105.29529933571916,56.28668768722052
102.25361335537836,56.32862988526795
103.65937753346766,56.44516300700388
102.24297187528303,56.8802742148685
102.0609579506227,56.759281202343125
102.40902224218057,57.12368661659345
102.40189377334782,56.56729911431489
102.32966959044575,56.66607978786272
101.92670287807256,56.36759517426005
103.23948334687252,56.48817909696528
103.64883949158218,56.28083015636619
105.52198945796506,56.27073424354262
102.37020231964931,56.58825273021449
101.95254153285862,56.23449372106513
102.74862883738649,57.05961691345334
101.87777703245294,56.165491104169575
103.02877916362337,56.2640892404174
102.65062525178205,56.6310997019325
103.5375588634487,56.484271196828985
103.80698023662421,56.62887617959097
103.2768778951504,56.56685193770877
102.4804789727,56.20333366328034
102.21635939094782,56.814570780750884
102.29702981817088,57.15782623162
105.93092525216859,56.5537382738638
102.78064114359304,56.75170267795327
102.48717223378695,56.23102576299219
103.51648024790974,56.600156314215866
103.70802826207985,56.27911336849025
102.39213869150737,56.20445734776055
103.78860745358098,56.32908837162305
102.27978304964628,56.67424697845014
103.3671254424755,56.12521666898386
103.67499315486715,56.42551753179177
105.69815407025695,56.64450176659391
105.37376211619195,56.11333208631237
102.15009298652765,55.950574536232615
103.5520161408314,55.95752902600374
102.70510712314356,56.502513671926124
103.02548076679186,56.26392376726756
102.93454689934528,56.57099235833779
103.12231289805707,56.26343341059287
102.77550637140318,56.630057039502056
105.92649076374829,56.56238524251988
103.06291936560945,56.452468650950046
105.15032080711927,56.205616036710055
103.116169170894,57.00017264175036
103.83533713021599,56.68757383048235
102.4894379901599,57.16324252966018
102.21949496181436,57.14209139786329
102.23410751970438,56.58661557254864
102.22269547697827,56.87933785977243
102.34520332418428,56.9160421079361
102.51236902027915,56.19431812822842
105.73875513997118,56.26696161996451
101.95767344675903,56.20696383696771
105.17339863715367,56.263454655091685
103.7337790918966,56.3966875715343
102.1735447729028,56.169132749076205
102.79005049101269,56.430519045857665
105.45963667946016,56.15028181660673
103.79765687250551,56.181339942733636
102.47429150829792,57.26284005619958
103.8133599521635,56.21582818804233
105.38785570267977,56.30610369558403
103.23506504537949,56.488660032510275
102.074277079074,56.37466574991818
102.61383186527179,56.46710728826016
102.89350947121908,57.07832644447353
105.80422776632628,56.67703544198735
102.55790192738537,57.18762890855965
102.99168774913225,56.93067501090729
102.96480082210765,57.07933432347535
102.14176866694707,56.21984003956401
105.91489207266235,56.58334687520508
105.62339444421352,56.71449248753901
105.69142736076213,56.261076791490375
102.3451474992162,56.4960156306719
105.72589852265857,56.59296874223889
102.91953778122227,56.581534419659846
103.7754758978948,56.097547168165384
105.65122498757968,55.9793173913564
102.12874522997438,56.878227362867435
103.20860915734714,56.515539712805264
102.24565329133073,56.793670443469296
103.38273507616978,56.12342184164314
105.52591865518184,56.14305868415957
102.12698568002368,56.151610918928306
105.30019769426326,56.43077024439609
105.43006314870203,56.05689249820656
102.11151410049663,56.22067525582234
103.63575257987327,55.989705031908784
105.64530564533584,56.74371501264901
102.30315332762414,57.148998222698964
102.84208477863454,56.42961449935635
102.90527818632333,56.65200161426902
102.5131264510215,56.02549958833939
103.49879800162066,56.22259427514234
103.4493451093099,56.24201197147344
103.89482529409527,56.37914722276174
105.52662084353562,56.17078213931515
102.50232465174243,57.08175218431398
102.7708413064457,56.44640124119696
103.39833470025442,56.10518547321624
102.81632103963791,56.64690357306793
105.72156216663124,56.142190249451986
103.28924180812875,56.28866564214817
102.59044907940157,56.17904827795866
102.79912998964907,57.1093356291767
103.41867706683064,56.63365543485561
102.80187081842308,57.09082350730096
105.09623799736401,56.618383830430375
102.10249720795312,56.65418924578058
102.28126998458102,56.533557227721936
101.90956591807384,56.20823864676127
105.70996437283297,56.614541273960775
105.06828751689254,56.184124833755384
102.02376879139676,56.367424512691336
105.22995197470355,56.19902036938055
103.73664849478216,56.40955745780078
101.96998261290871,55.948795296606356
105.16896313091917,56.26205868767852
103.21435175634069,56.48925931979135
102.05515099236435,56.36681103650114
102.86728583205817,56.50027110780282
105.31078335290741,56.41011997579069
103.27578311691106,56.35164843882471
101.95680044764856,56.106930707052
103.0014281697544,56.912996022148654
103.57445495406346,56.26260257533557
102.12279919622344,56.71991520383029
102.4667804431227,56.26968899645441
102.37843160546448,57.02820893294292
102.69072995457587,56.5675654509177
101.82270376744941,55.91675324953185
102.8002384265911,56.984538859066355
104.99901680558173,56.549322718946584
103.06613890754477,56.855399428043
102.32766883416414,56.91637158504931
102.1447407473783,56.68987856397883
102.41312771538352,56.60158454388439
102.73289087678488,56.04007373245746
102.02619956159643,56.2072909711403
103.57348449835834,55.95090790523616
103.22035863317399,56.56891281135257
105.71145286387515,56.28452346773162
102.38673526569036,57.033605100856256
103.3855677404481,56.63410753079556
102.90822375852215,56.587483654924355
105.08629871285208,56.235052515828315
103.55573547791876,56.45021766969478
102.27397140907931,57.171989204577436
103.19624008027064,56.51311353583133
101.88300887718519,56.09469339604285
103.71872372795963,56.664143956744496
102.04876175890021,56.09034560345425
103.6761032258883,55.98862437911635
102.48403400088851,56.397868046663056
105.67047086735522,56.7273083424246
105.59426374422803,56.56307565404412
102.17385832578239,56.21871029855176
103.47382821021769,56.56870896267156
102.45261037339552,56.42627856464386
104.97618772164091,56.55055443574945
105.41019675490723,56.030687300062645
102.34009620048323,56.59791241416837
102.13741796336873,56.87802581068651
102.89842502388316,56.98351733045205
103.40020097063078,56.355022610882784
102.35261478924387,56.602136188269576
102.49303328058365,57.082301762626095
103.86277909902124,56.55049442613468
105.34468829389354,56.04809440071874
102.27752590072933,56.60121929904006
102.81091739382707,56.37353527623087
103.30793613769119,56.377414024720835
105.01689005345128,56.54385703735258
102.60317926116048,57.11087319746327
105.41292604419408,56.339032383471725
101.86016008052468,55.95087244762076
105.47315596856818,56.39064799677004
105.53018622639567,56.73245669233048
102.27157798538613,57.166066813703246
102.11259938175618,56.72424198184364
102.38694921615625,57.0609702297144
102.65027815015878,55.9718856907215
102.21435131476531,56.62315904451867
103.49528395984736,56.62720192523781
103.37265849757797,56.44436275540273
105.10545475311984,56.21071529107893
103.68633480915128,56.02091232762349
105.73902022545302,56.57225098000377
103.41544703951571,56.469148241109615
102.18285854279993,56.664861436974874
103.39450799600566,56.35286404644715
102.29140789927543,56.762886592943495
102.40744856798479,57.04689696864103
103.22605169238246,56.254812111251965
105.50883924563182,56.34757286590102
105.92943759915043,56.58368146017523
105.19857688711946,56.7087027948941
102.74505949290244,56.17513699347969
105.02859601665574,56.51919384861062
103.5900624917031,55.930553424394326
105.07601700819082,56.359756914321025
105.22743990492268,56.19896961536184
103.69832263069021,55.90477955232955
105.3084333086579,56.16769382977518
102.36388801678136,57.066068254899854
102.2978385267878,56.53043150069221
103.82569712490456,56.506411259874994
102.27046409428388,56.755298279186945
101.92323747595563,56.09891683554288
103.50944007205027,56.45060754938542
103.44281496804675,56.21749282782861
103.89009396402818,56.54851450974723
102.03090745172163,56.34792603261037
103.13339555999623,56.592750731747486
102.69458590872051,56.17659608418198
102.5663992825284,57.07359934222813
102.01374388473562,56.27457197852243
102.64706375176446,56.81043956682307
102.21184208763667,56.13481862317251
102.90198701207471,56.50586569366664
103.89442565741672,56.60148298828607
105.42145225007916,56.175027615264014
103.16098355642042,56.143367035046175
105.56991331123163,56.15764873787042
102.2673958887228,56.755477626635
103.2433837107332,56.226765365964454
102.00147193807652,56.34981871361388
102.38500684911756,56.45634509206762
102.71457047731161,56.589380950334004
101.97812244449922,56.08503082808149
105.40345026882663,56.32440028592273
102.75483505846255,56.438442512924446
105.6279545049232,56.333943643716985
103.73558747817489,56.476413597769756
103.69495477087274,56.76810877684626
102.09322405795848,56.7384605722174
105.19054635705531,56.20102410907944
102.81974028253357,56.75826239002426
105.73061836797643,56.10602646128987
105.20741471863258,56.53789488084384
102.84261863446545,57.14670474863261
102.69802456724435,56.907979424162946
103.40703156670642,56.348887131654905
101.9016977482846,56.353812457899814
105.73779920916928,56.13738602461441
103.08844657733383,56.72310786636553
103.8321601697425,56.51702008073342
102.7203626457086,57.00749924539113
103.34285137377822,56.70391702880119
105.20824747602528,56.39217788334057
105.38283923308136,56.06069380982859
105.39010310692463,56.00159776266254
105.36073932396584,56.38822345231377
102.44476264879428,57.285805820004995
102.22342615177219,56.595353121078816
102.51245405481994,56.12426361921968
102.32925904544715,57.10542612395992
105.20229967038972,56.577844741266944
104.97600422811229,56.42276144964092
102.53493404250146,56.90523625034982
102.22635094370803,57.233839762163825
102.95959468317402,56.26695031650204
105.67045003368021,56.6362165360582
102.48849245603809,56.630469806590426
102.07434520146342,56.22838367865017
103.17064147243447,56.55645920329143
102.32247368537526,57.11199353349892
103.36495114539036,56.1578815726663
102.30231411137936,57.072756723123085
102.81506959385811,56.949985592777566
102.51287661388112,56.42667031081177
102.19930235520704,55.97345397635298
102.01944309500686,56.350865843096635
103.24985495314512,56.22415997207507
105.71859767606487,56.16319373092039
103.14718496561287,56.55738044239545
102.3475515166856,56.604857904500804
105.67237486467882,56.64566192545283
103.82268008398701,56.330204322950436
102.25364634996018,56.58148993042605
103.34884854173606,56.352903623805815
102.90387055534154,56.812924971378564
103.53484958885501,56.337232772267114
103.17620098816909,56.120378478109956
105.44083928862807,56.173909191761254
102.63969101373573,56.576329995890276
102.96964930168944,57.081043284277726
101.84036457702858,56.029633887257354
102.17877923378435,57.06930621036612
102.1823319431811,56.71928849517775
102.30663496365489,57.04243607584394
105.27466024831554,56.635783488668416
101.85110725068529,55.88750565245463
102.5611075529991,56.80028166859446
102.67805445705547,57.038696744773986
102.2173767760471,56.60779320288628
103.74956555924616,56.44291284903476
103.59108601759448,56.24034636095703
103.27557928342507,56.41832156776893
102.70254801020303,57.19796745953347
103.46983601755558,56.08083061355846
103.0430791302971,56.66652440356346
102.88768520530108,57.03944425358231
105.62129931612995,56.809150732809435
103.16872216554714,56.1595254815209
102.3081686659522,57.11379250864086
105.61447463163725,56.633306566975335
105.43737166576838,56.63925269239292
103.50288988422932,56.84855830229142
105.01962847195425,56.314886263973925
105.3159547289268,56.163599003922144
102.5431905679299,57.076552129984094
103.3627282691034,56.174215294707466
105.27454326231121,56.54267004731282
101.98038839973599,56.1236968284669
102.12451429379026,56.70392008751374
105.56416528812447,56.763112215316546
102.6336664087607,56.42930907335597
102.34904123446238,56.211544538858874
102.01152557627255,56.06337938505068
103.76287707089512,56.60666327364615
102.59682736347567,56.90217436148611
102.6345992623499,56.29672039023711
105.24514429725616,56.18528113522205
105.2307916144181,56.08569445601588
105.26885933682767,56.10845949256235
105.17627458823421,56.156646574143025
103.25815731683743,56.30163728540733
102.11369907245758,56.35209203493656
101.92490169321982,56.21582818661024
102.14552783708037,56.70323595487204
105.32478448634265,56.54142225774762
103.38773493408698,56.536612621896246
102.77385751295968,56.24325280826139
101.99908798533593,55.94177169417611
102.1952090945597,57.01914138458098
102.79025743164642,57.1098661557099
103.53867200850878,56.00381369752226
105.7626759037966,56.56186612057218
102.47129241731622,56.59966432658621
105.56607987976899,56.77992668867488
102.25221116786311,56.59561545006313
102.15638580442652,56.87904583747055
105.57088394825381,56.174874313069495
102.33418873553917,57.092586953602876
105.65645377015802,56.1578672368916
102.23352379659508,56.1933626081806
105.56090025725072,56.32211040442741
103.38323249262635,56.153673441630055
103.15783359294738,56.280081665700905
103.19871024342902,56.15426555640168
103.14321144597795,56.988334691037885
104.99693151007627,56.3339133898781
102.52960470228959,56.39789591743844
103.58623635148024,56.5681369515684
102.51109030719361,56.205356587951584
103.703540941559,56.404774004100666
102.95785409629885,56.583116186218376
102.84036667996496,56.470657092392344
103.13165400398529,56.569997873420114
102.59887243053693,55.936321280283636
101.84392360360307,55.97876580267952
103.7703558921564,56.454287082382734
102.30572421730129,57.16845816616576
102.77683372501193,56.341965898531726
102.97127366295129,57.01782739859111
105.80046040306424,56.71329120653482
102.11190488328944,55.91260008686282
103.08299092085625,56.98418365931047
102.84851902265703,57.11278284508956
103.72355887333984,56.24015778637548
105.62314942549916,56.19072650053643
103.18817367677936,56.18922062286058
102.0190015584476,55.87699917255125
103.09725329369202,56.839356966410755
102.21525402527281,56.61846949356458
103.3462369847517,56.62821437643664
103.5160094258912,56.01818338655377
103.35014876889068,56.213979716117585
105.5433031914423,56.182134965127396
102.82792704458153,56.176322581693434
103.37870746182294,56.587264737602645
105.73150947356932,56.158905487244446
102.45035854268767,57.03627102597426
102.74216215216686,56.76416099612792
103.35084535997001,56.63373812543414
105.82904803637986,56.631342436446964
102.01268957221332,56.18537319676857
105.15184685466419,56.17277489032485
102.14689124847811,56.70817270416233
103.45712038665305,56.86287643569047
102.59327027290911,55.94198832903331
104.96481204800229,56.54956896542467
105.53195395871992,56.319026583001566
103.31547981774392,56.387660139361046
105.40282085717574,56.16057397769342
102.24654774826755,56.813451353191375
102.96863420305948,56.309185720576
105.32670581294099,56.03978708149695
103.2226673581211,56.6609633782888
102.1573170290216,56.35621023224951
103.11858244980664,56.157510390035924
102.87026588665037,56.586779447547876
102.93576566156973,56.637505194739845
104.97419664093641,56.547014277771666
105.78170943596804,56.1629610813328
103.06443563685944,56.89202409232826
102.05728080413864,56.66604490956614
105.34472805755716,56.64492566595581
105.59424459898428,56.708006382368254
105.13463412813717,56.20256345643013
103.3072720537621,56.39860370199046
103.17490742238397,56.20230137084243
105.14035474009232,56.15956532600804
102.36193172011384,57.094692531490686
102.04839909892478,56.35765559157934
102.59191568441503,56.15230806412478
105.71466600037894,56.57326370643643
105.3072019170193,56.08035300269519
103.51255595470782,56.6748390344472
105.48387081975724,56.17527273250327
103.25951241772788,56.23050527216237
103.36442136229832,56.844589083575535
102.5228138203981,56.20677977168059
102.41072986018365,57.09676741197255
103.88603751605481,56.64112442358968
105.02094641477603,56.29991682852877
105.12888640003023,56.20119887338428
103.20541903422455,56.259292720445735
102.17172758657522,56.70783741323349
103.21317178152846,56.630070782152465
103.43082766426394,56.626477262409416
102.57031307309308,56.181294488977386
105.65397222290096,56.64281101648586
102.5452704979678,56.155679420663716
102.59583685346196,57.037698740227775
102.09138143393757,56.78706975396337
103.79488645261247,56.60433181571247
102.29543110765795,56.55464012498615
102.53160251319937,57.142042793096046
102.72887532017332,56.74299735113333
105.43939751095881,56.501236700465654
102.07932065729243,56.38583245191325
103.16245942089746,56.65637147467019
102.24748070115815,55.930337324738055
102.14046764590289,56.353368377022406
102.58235510365904,57.171454193958986
105.23828280565353,56.31106154906087
103.76478548697943,56.058637873852916
103.0012369664834,56.21138060062455
105.17900907590496,56.156023731898415
105.38854404137719,56.1803102489528
102.06717152467256,56.810189566931285
102.07495035114252,56.26499499261719
105.49631670138739,56.633320837895845
102.83300607900468,56.45295393725071
105.6907731038725,56.62232596366324
102.4061752722944,56.96971015086714
105.2228798049763,56.40294799172159
102.05278710096864,56.35443295105293
105.33412062318615,56.042294536937725
105.11454097371627,56.652798939375735
102.5408075854433,56.75187054378197
101.88063659057978,55.889191376670496
102.69978332466815,56.65207410292869
102.50823213407801,56.11083752462826
102.26701949499669,56.78023452860335
105.76418391435973,56.71913078590118
103.51917741480459,56.5732746594057
105.21792629737146,56.70415022895411
102.00166119671918,56.23238024067371
101.85179733922347,55.94431190910783
103.14855983610902,56.549673574924356
103.8654514954983,56.381650258167085
102.25246558136634,56.6187237878115
103.26955425452675,56.419786408143416
101.93804110640401,56.38481038404969
105.52486266915544,56.325193404687965
105.074029180642,56.25339460611003
105.72558372794208,56.559562571027655
102.67811659633445,57.01356960523522
102.89499799749896,56.575549344665205
105.13786859237855,56.19058723393239
105.49521462401569,56.74278054987987
102.5684818230024,57.16079856113298
102.24036562674335,56.97096848149818
105.70580445279084,56.587055033333854
103.06313908804945,56.162552108276344
103.28719799450799,56.63097705822009
102.32716934581296,56.6407665013564
102.66321833609385,56.09035880256194
102.48317960973598,56.77519273333661
103.01412942645183,56.28346497405629
103.29179351942598,56.426496562461594
105.02852737603702,56.34975599543184
103.2216480110565,56.62983161143884
105.65709527414904,56.623573415439395
105.58455113792024,55.994504756178294
103.26637024898118,56.24042734845589
105.8642936627565,56.6061172988129
103.03086085461359,56.189234685414924
102.75964603837515,56.58616885303134
102.26346697815481,56.779766106605706
102.57903326750913,56.18346500786512
102.21837298417763,57.23420202668263
105.09246203807186,56.28068491915871
103.38571225895441,56.415560785588085
102.35472499589098,57.137638846669745
102.78128871979771,56.425353189459805
103.1377234940546,56.17592715372774
102.10018120721398,56.776297832082406
105.6446485776501,56.14822690395639
105.13742457575177,56.44745930289781
103.26927156127815,56.769143161511444
105.61889224768045,56.6852294246865
102.01412959206384,55.903180747567404
102.79983860409001,56.34345584321497
105.1204576244088,56.17005488348212
102.53678916895757,56.51388819629128
102.47047025635861,57.09726806483152
102.35463863839306,56.82850248070548
105.71608495168144,56.154348597768795
103.06355901504867,56.88147610847241
105.2247780237266,56.38992033326372
103.6019168553363,56.61774681274208
103.87210159741878,56.37458553858523
102.90624045904904,56.66160570639761
102.66032026921089,56.89591927710476
102.41851175744412,57.090071803515784
105.43114661988669,56.39008661806656
103.63461656410956,56.06053004071322
102.92934919608871,56.60606926668506
102.54353443421398,56.92089500836183
103.73421013032056,56.57578481560926
102.58862055296069,57.02562704691539
102.93352645882734,56.90467811910133
102.54331719919145,56.14499409999525
102.76745780129094,56.63760652622734
102.32234805482898,56.16981417111921
105.65884298070098,56.71327623974188
105.09240681363846,56.24931591644559
102.05758859934413,56.36604052861146
103.00582179406815,56.94111123148689
102.46887013013323,56.18500269007682
102.87626889160975,56.66041074374734
105.2732813027017,56.387034678421045
103.04537077376915,56.56481144388463
103.38622161216163,56.767174124046036
105.35044396724315,56.69804170964352
102.1888844398584,56.36739499290831
102.4676860075727,56.99902909053739
103.90136704576466,56.43485136261277
103.39235132924857,56.445715867571145
101.96049432332795,55.90807231471665
101.93474159965153,56.12313276496035
102.44152759895829,56.20616951934178
103.52040455925408,56.391579136945474
102.32986391140233,57.14260174754239
102.73822675589045,56.06531815531517
103.27571406977272,56.340291176029325
102.8123603823065,57.10398423483649
103.4764013953233,56.8004818427624
105.23241998501727,56.09932949716534
105.49141621206982,56.755707813495896
105.33744224967917,56.501014842684825
102.586704678164,56.1814715912
101.94813306724956,56.12395261574146
104.99674353990885,56.62502193276952
105.19271199905745,56.2735548501825
102.29691227853215,56.56288623110832
102.28166009843154,56.93464238531385
105.0899678838148,56.262387288587334
105.05133795943631,56.649224590612775
105.02153241611532,56.280411338122086
102.26429678709036,56.6137769005923
101.989368419248,55.938509063638215
103.94459453230169,56.54424269714907
103.39990878691752,56.16763687202704
103.72130463586737,56.563572204909036
101.94098159776644,56.195965454106116
103.73950718069328,56.444840539096504
103.50053315191373,56.06932333099699
105.15115674198826,56.186107255421014
102.99045603352378,56.840672232952755
105.44732923384288,56.49991951860835
105.53303408528966,56.61958404085104
102.4813692824633,57.021844583849436
105.13586966385776,56.2296583005392
101.8470157065951,55.97463636013615
103.36854243324719,56.30632019987012
103.54226689541014,56.156200024217
102.56691572571634,56.780092386564135
103.2812533407049,56.94452377970772
103.30714986295405,56.363930761398755
101.93419476445986,56.38624743496214
102.98927465869606,56.54240310542847
103.2127344371681,56.45230737992248
105.30408203153283,56.50252508177345
105.40385232328936,56.67957253580756
102.22907348875755,55.91735652156594
102.17979628375453,56.684945973044584
102.10832420734074,55.902557278621
102.18032148163057,57.08372984078372
105.43896390700516,56.1655160530806
103.47452930144794,56.089441460701686
102.21463458609185,57.20793644250928
105.43588612293205,55.97681199076793
103.21197556160573,56.19426420331892
102.16419933494463,56.83929703757829
102.47258079082397,57.03372895020961
102.39579999237216,56.95547526374299
105.43095341456952,56.16716345329489
105.43873463089436,56.66076494486617
102.13443381630486,56.6703167055641
103.20565041777525,56.48830736445448
102.4731057315993,56.22519562379328
103.88125146476106,56.405070736155196
103.24871229107318,56.25796820763052
103.89194935712949,56.433704107260176
103.57529244334921,56.617456444917565
102.22852306747048,55.972206576383726
105.58496435231562,56.709442273108564
105.13401244664598,56.216285186137966
105.43767254304571,56.018197404940686
105.63987968498378,56.65062505073693
105.29929781248471,56.38596958695006
103.11799113153361,56.431014536055166
102.40898419653048,56.61610069041461
105.05905073550808,56.58696678604458
103.35776219590173,56.24713320774107
102.29240231341971,56.77883381939699
102.17471409447818,57.08446761775225
105.51123238362854,56.739444315157606
103.31911576667252,56.17906735899291
102.2237368475896,56.9789919267767
102.23321779366512,56.37598493217406
105.70637314599006,56.576638981966966
103.5742927116781,56.815475405419775
101.9462755493721,56.08114700575127
102.21205119369979,56.655403918127476
103.08710455661647,56.16414617525238
105.4549064008988,56.38745150454223
103.2024519774077,56.258080317423946
103.78589027447184,56.70876774752749
102.23777830581342,56.95890469738736
102.18299944488012,56.791741193215955
103.26853378354038,56.422871948878296
105.79676041822975,56.7194474197196
102.94950961476827,56.28553198721141
105.37519430528653,56.3229820260566
103.13020933705778,56.54295668568597
102.44575530176543,57.041355510776974
105.39047530685373,56.44829518580333
103.7676718307201,56.60999554779446
102.22632055473758,55.92656262986992
102.81963569592708,57.10521591640457
102.5739319591551,57.12604130123247
103.29775549256446,56.22367342195953
102.4477693118943,57.08738980731239
101.91228104572212,55.939973847618155
103.12598424958888,56.87201714577161
105.20484773330324,56.140192726545344
102.68278472907701,56.425383574378095
103.13339143673788,56.70932345554062
102.84086599425662,57.10552754225383
102.05048802124185,56.49857365602534
102.04292213767312,56.22959096699221
102.48144123425166,57.020000619448055
103.06685971174979,56.957711038338275
103.80943333511489,56.4118164429874
102.72602130130981,55.967080538158136
102.01917856448067,56.15406175502662
103.51143554082238,56.616644380405994
103.37808997727522,56.267720270028704
102.3081090463427,56.22566622935596
101.94749952823675,56.1996174685438
104.96907384346238,56.52492969815376
102.3521615327743,57.118521896573775
105.65922029964553,56.63128898364871
103.08184925727501,56.59307520826648
101.97464418249471,56.13915118086984
105.5028535106048,56.74981921690763
102.21261035339144,56.95397035484351
102.1918256292246,56.709883450700616
105.25672082716898,56.46359342488036
102.11278315672591,56.903563708046164
102.69117653205764,56.13287354650866
103.37979855422567,56.1838671871107
103.35724538519872,56.288035069300925
102.40229445221085,57.09002067114355
102.14223463747254,56.71206836857233
102.63583038120856,57.16030944921561
105.13554484648166,56.235830311980315
105.69508427480856,56.10902943733805
102.19062158481964,56.851625726221606
102.36748656097618,56.071531356775246
105.71061035376505,56.11375990366102
105.17957155907332,56.51505880371826
103.05999780272606,56.43016125175162
105.58137571690948,56.70983164129785
102.21065445859092,57.22430906517883
105.64997206213579,56.64102111361762
102.69783912051432,55.963691112339795
102.49157421293644,56.972559674704016
102.26353247638953,56.76095336765352
105.65760338497434,56.205262730085245
102.53719419778045,56.06705810609775
102.21735273820987,57.21232050671321
101.97311931438509,56.13965942963177
102.23655847668113,56.95750434623967
102.8231550371904,56.66521824675729
103.10679991933833,56.733631648761516
102.14798274400452,56.7110736427946
102.50580997200099,56.970515859227376
103.8676127379663,56.34405499071431
101.85267819148923,55.906529102499505
102.31862890193695,56.33331564468939
103.26513423609939,56.26511840305084
103.30716474883084,56.76783636807585
105.38824438588664,56.26787862300905
102.77616260948076,57.10521480416924
102.04577236277419,56.38613234700734
102.1638695319998,56.88263233636687
102.79663611412725,56.47307088037551
105.2497989318218,56.086448061062875
105.59137549414937,56.81758602250718
105.217939728013,56.389780142737315
102.08155278415343,56.768716301929324
103.67507952516563,56.729884234411905
102.56617160097348,56.13972908546763
102.25846974876318,56.36443504198994
102.86412590444908,56.487885014716184
102.19031678173766,56.11288763007209
102.20851626255912,56.64393671760972
102.98742508545142,56.295652069613325
103.41693854087237,56.48465827313867
103.09847610597356,56.56652370137235
102.96862524254254,56.62943700617376
105.48228610725992,56.63207787946201
105.3084883620453,56.09991352326493
103.14304974784112,56.56587182252453
102.88608636690857,56.655722778557255
102.35248944401576,57.07454497388975
103.39018091345241,56.170858768915046
103.88001751028446,56.36869559673014
102.16755106798104,56.37263240603782
105.73619906631544,56.55478121611953
105.2596956857775,56.09763556479193
102.86190043876506,56.63604164865324
105.403210106135,55.9977710598694
102.33906794811612,56.712040209064625
105.05605427409063,56.54611057059743
102.65259497607146,55.941386367254644
103.1948135122748,56.89573664880255
102.09554222900114,56.9028160014828
101.85441714894444,55.88427903693837
102.12185349140303,56.75057277634243
103.19805373073883,56.48574715148798
103.58856144612734,56.34787503375231
103.8613606157723,56.30340765586796
102.88362987429085,56.660753547183056
103.17194149994711,56.831935008358016
105.26087384328726,56.3875851935777
103.45255360837113,56.1018086940555
103.8574251272649,56.363517633282775
105.0059820197548,56.33672456978823
105.12048928389812,56.54674890852207
103.40135767356514,56.1568049463522
103.06653227819326,56.77787308498405
101.86033085285226,56.10233108716517
105.22669876001697,56.08353593860965
102.78675899632276,57.06385801172394
102.18489828518662,56.977732531831876
103.02901994269659,56.90736549590106
102.23750608069655,56.70655360631425
102.2881008845051,56.795972525117875
103.30463298104108,56.49685696153603
105.23407371842386,56.156876083243766
102.22074108836796,56.111428508086625
103.20221407774218,56.46664924705547
103.18760808950253,56.495202750675205
105.30038190373669,56.11935803733053
103.08304126578629,56.16401981101476
105.21462746129454,56.64129597692637
105.63812520536888,56.256646284950996
103.39066388253642,56.321858764222
103.26751368030295,56.15861856034753
105.87973032109797,56.61704897712376
101.85066197479523,55.96533787230621
103.82840414967606,56.26784019149791
102.91974406350792,56.62418903902257
102.22679394963443,56.22844420184527
105.22037296400327,56.27998838112346
101.88782271630312,55.86633338191142
102.26695160005758,56.641660856505226
102.06434959997063,56.808536953671855
103.25628551345574,56.42805710672271
105.52240960963262,56.42745020394708
102.49194709278282,56.11165750562422
102.72946252102568,56.10319142820601
105.43230777354925,56.27127132024288
105.09802644763191,56.2727978169107
102.98457579532962,56.9823958909101
101.90266613706135,55.91187818570954
102.0968102367204,56.377874173170994
103.3506344886743,56.20763350051184
102.30093801031947,56.10999017478535
103.1242136190655,56.713395414260866
101.81715264596522,55.89040765053614
103.4142107778886,56.69621679510876
105.66368644418233,55.94638715714553
103.84084882680077,56.26456037506589
102.28867175343382,56.8728838416504
103.60099217341974,55.9629611685261
103.43148230195274,56.81620070078174
102.22563442019488,55.92950670134034
103.77120372018041,56.563454336285695
103.56866429058425,56.669556275740796
105.31001967443838,56.17582298252194
102.86985619886121,57.11400371381848
102.59004775854294,57.09585652137819
101.8226152520739,56.08374814175378
105.0350375308275,56.64806831810336
102.18299097532578,56.66533484251075
102.00551639024705,56.39002684066498
101.78522216433294,55.91327743151815
105.10634939504394,56.248155485603824
105.02787304569074,56.599535713895015
102.37570669356663,56.88006905676151
102.5622029398987,57.22119888300833
105.14801301927129,56.518877596772505
102.37031491542683,57.29728913457958
103.48589924632913,56.0726572028185
101.99938649470997,56.107403694757686
102.42996820506967,56.182104407996334
102.20971814601565,56.36741893695276
102.32654518013874,56.7770866732199
101.9368201683497,56.12333167043333
103.4135827609249,56.159891778419045
102.36941220945388,56.23242943242388
102.03790362348907,56.3074439679112
101.97261635637838,56.122236560114104
102.51279533373375,56.22729482257474
101.96589401945567,56.119503171800034
103.42558517814932,56.35379656561345
102.39348971017418,56.134343138920855
101.90088521380545,55.95711041433258
102.11150087603045,55.94649154188537
102.69281821921317,56.06007009445748
102.1692493561744,56.645595494080226
102.67341979841758,57.003859867609165
103.29230923770544,56.802962410685886
102.63139796775155,56.91632480833653
102.19737016184122,56.09428446742906
102.34278075084592,56.871239384162095
105.52853503368384,56.16303974405163
105.45996483489448,56.18051966253885
103.56649561066156,56.81965527509166
103.70567478376198,56.50318669372984
102.42570568147823,56.28851828540542
105.05171135418517,56.294207066914915
104.87292600788405,56.28994534871171
101.9399132536707,56.16562786895075
103.43686501425705,56.28109854682155
102.43721252362447,56.36595267397891
103.71000135184237,56.279950328924414
102.0947285444958,55.90210185588951
102.28618280647177,56.696779178452154
102.16658274221497,56.883469268527925
105.00905193572116,56.5240813151078
103.38972745488766,56.39347567569449
102.00780597488246,56.38401274788907
103.79470988744372,56.47868968424091
102.22985862700307,56.38555375046059
102.76199457517396,56.35871021644838
103.58252091929583,56.34996424875327
102.79128127880074,56.21823044764328
102.94717412109027,56.596056207797226
102.01534655761046,56.36969564124695
103.2015639335081,56.92521893861624
103.32817525121101,56.348794376401244
102.42208346890263,56.547918113804066
103.82318557085755,56.47735057239978
103.70359401878693,56.50481608055007
102.2334730835121,56.62240353233858
102.98565163823,56.855782257154814
102.41116035676926,57.058702012830814
103.69017762142765,56.412319700393105
102.36709335609787,56.66112429541212
104.88270444745518,56.28205077607369
105.56596556258313,56.31306507830119
105.24491985481953,56.28042842207475
102.27890690827094,56.782538048711814
103.03778975714835,56.52247617417263
102.02768106149558,56.08361278389724
103.76603670224362,56.574404847049465
105.1495596084674,56.36317239165892
103.56189449208753,56.5034360751254
103.4201324149131,56.48332250770414
102.6275304930878,56.47627174316873
105.33080875128906,56.42639578595551
102.92127513063097,57.03583766419549
103.32544690401316,56.704884344866386
103.17702784354039,56.86462673842955
105.10695328107943,56.23137126984918
105.34326679479356,56.27408507454134
102.39453076563396,56.07197921013902
102.0365695313689,56.148602821311606
102.93447292122373,56.9186668724666
102.48484758575228,57.047724179121474
102.30675785960123,56.81548653938892
102.23757162866747,56.7088183405533
102.20282413598329,56.66772077454536
102.81258621330555,57.029618925863055
105.23499846137267,56.297277072827676
102.66539582194132,56.6423408507663
103.68521813659736,56.53571010991666
105.39879295099576,56.04603774524632
102.22544007396277,56.74735630389685
102.12561655899908,56.75528399607029
105.95182341629281,56.6198170662396
105.5794230733359,56.63595037953047
102.37522373164823,57.09912941351659
103.44303850123617,56.09049808736863
103.56536724451408,56.5725031930635
105.38674956194511,56.36317913592049
102.79180592363845,56.92023646782059
101.8758681208377,56.22116574513113
105.52534618241255,56.372606549903814
102.99676852320438,57.036325872561726
102.47653950380037,56.773896300942965
102.87911005560741,56.68679442083174
102.9009168183509,56.63472554601506
105.35533332584185,56.063636257646365
103.06776187431223,56.24232483569859
102.66859074187896,56.91726851757907
102.75453261966088,56.03040045518762
102.13181990127062,56.225339992101816
102.78389059966004,56.16147307056308
102.91991169798095,56.63805861483515
102.25754717809573,56.21610025435862
103.15503522958603,56.57763866071061
105.08442778446737,56.608384542545686
103.31784452096501,56.24452135741339
103.66921225708583,56.56978495341367
102.60797129178779,57.156383275823124
103.2195356254983,56.52066031601831
105.26248203861782,56.29837946501316
102.90377697957219,56.585181200482126
102.0322997410396,55.92710783678314
103.54274361724397,56.573369942553704
103.3840365600112,56.163468693692856
103.4288110944705,56.106249708525795
103.25974200838064,56.42724298074689
102.07237637113063,56.01722175128645
105.27010922358306,56.696589573529
105.23025975713877,56.08846212531922
103.77992853085321,56.33241730609286
102.2329020047476,56.975434117201196
102.05071150893343,56.392280068732155
103.59344895085061,56.63978800163901
103.0820500304579,56.432764152039034
101.77770338246367,55.913487432124924
105.0547211453738,56.585679376396136
101.95704212206925,56.189337255270424
103.62430752299004,55.95024945516792
102.9101448538998,56.48527788958492
105.6539318359041,56.13477012517443
102.2351969799893,56.47868743736516
102.14152381760985,55.95488595179229
102.21214824273346,56.745166337996714
101.97540154701561,56.12520311637351
105.25239131122626,56.39355272097362
103.05891490508557,56.780846415127456
102.89443900605468,56.58057023047654
103.03521057908193,56.93640638153827
102.68310803449081,56.1811391421821
102.34195094212222,56.471013844886365
101.95186194934587,56.24864995810813
102.86679323609657,56.263878643180675
105.67499578617974,56.64774676277045
103.0292527914053,56.636321008426656
102.64297522177534,56.36963887763239
102.15444091342253,56.2261878322613
101.97012922408366,56.29853757416828
105.53103159269936,56.215413402221856
102.32982613075417,56.8847881337278
102.16515291995574,56.87242573581
103.24204994987446,56.77182577746115
103.55378946736046,56.48589962652737
102.21000631892322,56.74230994195839
102.67785288200488,57.07197460448825
103.7378550790976,56.712656963966914
102.55183552372962,57.13161193524464
105.1760168190781,56.744548748014175
105.53927278522124,56.32444140070081
102.05198528568273,56.14554298335633
103.35734146170971,56.57020186759041
105.04119442305297,56.27192141765085
102.37144003531688,56.82470584703925
102.40109776550896,56.81043800429664
105.3765461547815,56.38723791001326
101.95021895897177,56.13869470857211
103.21570421994822,56.42845106232084
103.24274791626078,56.945435081057234
102.03459942702058,56.2817421462742
102.21603422202399,56.10954687668062
105.39655041405507,56.16225261431646
102.1511652513206,55.948455944087144
103.43688205415654,56.40120244034896
102.78353909081311,56.21915622423669
105.05838908590293,56.6420605879021
102.38585887099792,56.33132617126683
102.4875033188525,56.9591303960277
102.49040860982166,56.05934289512827
102.26909382339367,56.815583060819364
102.48551760737179,56.166180659309624
102.94770240035025,56.434268262894925
103.40428210009371,56.49611948561069
103.58163241970789,56.65108009631404
103.52742234782892,56.38994375274772
105.73450247507427,56.09729397232509
103.05843898654899,56.63844522541144
103.82270909507719,56.64205342566064
102.41315410349536,57.08223095448294
103.71380918327478,55.94162179702114
102.75128270691978,56.7101995666655
103.75306746975753,56.68876255160411
101.760555022963,55.888584105085904
103.66163440889123,56.013285601514845
103.34767110681533,56.89735414591989
102.22218050784723,57.26071991627829
101.92232652092738,55.90256578416467
103.16690184314716,56.722294999683044
105.23535166095692,56.33020117287651
101.91629630450505,56.16881831880183
102.02111905417591,56.06415931581277
102.75496630093701,56.63890190044329
102.34704053591956,56.7535636605247
105.29247042104475,56.15332275575005
101.95379423798259,55.85830129060195
105.47286317649936,56.000204687947345
105.2467813383107,56.152227156692454
103.68157429322746,56.3341562536062
103.05641322830432,56.59207118350395
105.39866088319921,56.49422947850119
103.59785431118401,56.15807117669229
105.65324433370091,56.132791264825634
105.25515932919367,56.61648872824406
102.9363246251076,56.47060073689934
102.45838490115909,57.22891878725122
102.21306619193247,55.91592189671281
105.51237345357018,56.284507788222605
102.0729230952933,56.02361421007804
103.52933778644227,56.41460303189514
102.19676348958264,56.9099749361108
103.0442709727285,56.59299608157229
102.02009286155187,56.64493142047341
103.0906465970399,56.77429755858466
102.02577875563092,56.057545562695715
101.9499416983497,56.33834130995941
102.21415346794782,57.0792414736946
102.57122636631792,57.079670786693875
102.96997440689415,56.25899189631688
102.8005785269303,56.34080011197718
102.58709180444696,56.90231430766475
105.46341008311637,55.97770947248355
102.3515553740189,57.084513982702404
105.95313290815962,56.61551332371649
103.46757918640182,56.35434900647129
105.65311718064325,56.12653005745218
103.52367750436794,56.520547276186186
103.77487696946768,56.70081802467314
103.73726363139204,56.18666448147306
103.88570179218105,56.62776370893819
103.47194017706717,56.818009176218006
103.79420213432657,56.23350326405638
102.43485193047815,56.10903972709818
103.85743504449094,56.489198539134954
105.17001071233568,56.27057067789288
102.6875007785367,56.4929698304962
102.2101177966133,56.19311015870233
105.27933050747973,56.31853678058392
102.61885344387969,56.47327949217207
102.46192205083182,56.90177163492988
102.00364979994555,55.94731645312088
102.00605335759444,56.33775898251504
102.31778333563908,56.747683320266134
103.21354819589574,56.15312180606918
102.99271293656244,56.98642617437102
102.11175321337265,56.387600335388456
102.06547341648326,56.042816389100636
105.94733429770704,56.61544595591545
105.49170298633635,56.27482648623896
102.75227131535786,56.32217431519394
102.44640482036755,56.702434196119526
102.90096706233423,56.922788612683114
105.47936391768407,56.3958638363335
101.977896452312,56.09990993578387
102.25329225882176,57.08184424424833
102.22627144234121,57.230173457636184
105.60676545362065,56.32063249766046
104.95975144675013,56.25174716670573
103.08854145063314,56.19549454126301
102.0018199120007,55.865954377609704
103.76438950338387,56.448226845107115
103.27325312655502,56.241882583972384
102.10672885643719,56.08473378579466
102.69174577525331,56.1615175582686
103.5303952355515,56.56837200118559
103.54933856195628,56.76327934305002
102.69085501124212,56.64311933115791
102.71525340401467,56.10807266762451
105.57628414154522,56.26920603273798
103.41598502681931,56.434373418017216
105.10708550455054,56.55187944332959
103.54640650487417,56.482035129255884
102.62132779096706,56.5615365202427
102.85483937419697,56.38538397347758
102.33969453345689,57.333907481807096
105.56159974634863,56.61742669816921
102.65089742410854,56.67492090619266
102.3451523024193,57.2177722168393
101.85694334071458,55.82567143290237
101.86232151303683,56.055984138906105
105.22147120848773,56.35743291342111
103.1738201938655,56.15295107013586
102.7155759149454,56.91455200903588
102.6517656959639,57.12677442749856
102.80461094684613,57.07824884619404
105.30513309287163,56.26865025862959
105.75931028861652,56.12876462792845
105.59017378019837,56.157060751775504
105.31097425339128,56.635696411951606
102.7821114685153,57.157225698733484
102.4271441751675,57.128422425413646
102.70209979783178,56.490289115584005
105.13218677808493,56.153191684105344
102.06278950064618,56.22368726004109
101.9376790292049,55.97511042824216
105.0720045438068,56.224269845604894
102.92139325165023,56.27010876540825
102.21437009703433,56.73548820410913
102.90707409885076,57.010867975044015
102.2331212090574,57.06627212385466
105.06450621991432,56.27157053884066
102.41521958219467,56.890468906564834
102.12592607626611,56.8998551687095
102.66770842450856,55.911601190921736
105.6096318023345,56.680104175121265
102.30935457504768,56.91365296376164
102.91018486609535,56.25005145787126
102.17874315962578,55.901522388437485
102.70120973820123,57.097880754059965
103.2924526209988,56.40311732415335
105.23711409383054,56.29653471406136
101.8296553611285,56.085311293319506
103.04813519713147,56.8640165231952
102.67562257787026,56.50711365754336
103.72062820981913,56.64181107570679
103.0062674450734,56.94094938707997
102.70196682823004,56.06305749918848
103.08972897124143,56.35487714691283
105.83703650495242,56.623043465205285
103.74694195003903,56.60721529276998
102.28702339324923,57.09386699510979
103.10211096726313,56.26504546917276
103.32140333412072,56.496323912808336
102.35414816554551,56.99711128101604
105.28268083040439,56.258763137298416
105.50773242838244,56.377330415401005
102.7005067291716,56.67552253698886
102.54155145479223,56.16308826748604
102.28562367909265,56.160834239505874
105.96334384968233,56.56129703155123
101.82902164523703,56.12726283339108
102.31872283689918,56.11084060269805
102.0892106969523,56.642614995750485
103.56455188306448,56.353090059895244
102.73855220488626,56.96732312112251
102.53894271157064,56.07833162075963
102.74884170618216,56.47279022843747
105.38381174032493,56.05987082154592
105.27041502314638,56.1485709675531
102.05735382374665,55.982075142308815
102.76510340279616,57.13686218901859
103.02171854091655,56.581662108617145
102.93358995252034,56.981057114398986
102.61822245169694,56.64501578346799
103.55172755545311,56.53233018281879
105.19233634277288,56.72390157229313
103.0780510919351,56.17137233589805
102.08569384260181,56.1416220592404
103.53969277571086,56.827713553713444
102.92861689246904,56.3851938978211
105.2574892534086,56.32798874849372
102.78874489020531,56.62946651071547
102.09840649352202,56.47516841629836
102.17696882704674,56.715548115684214
102.30387713476817,57.14327169174805
105.0164702871717,56.58144787204869
102.64105654567298,57.086971089384555
102.033692178397,56.12400510152971
102.28560022564908,56.531117225703014
105.20574725045333,56.63677669769363
105.59464906731623,56.32624482978743
105.25673849197013,56.39687824106667
103.3077391071432,56.700227363910926
105.03508225904581,56.58502902731469
101.8720585879132,55.82057044793494
103.50347990216508,56.569772228076445
103.5065400067605,56.156731043784596
102.59581774072196,56.22918679396823
102.1025488189756,56.16275787627006
102.7582495684108,56.45309478823888
102.06041394314354,56.65338711656249
102.1655161532955,56.652678296462035
102.41801044550829,57.100050894420754
102.52788185973017,57.07519183323555
102.64798371521255,57.19090754849962
103.07512252064211,56.35552005373182
105.76026979088336,56.12633897961651
103.42894928278376,56.823198597675415
103.34382128279142,56.44625127387108
102.7349700553498,56.39364668037579
102.01278807602361,56.4021202025467
103.75810684874907,56.47046697989122
102.03120580352848,55.9991103959839
103.86777162154394,56.40404229222275
105.38327109317518,56.3908946530992
105.165697824137,56.52155025234728
102.60273527006147,56.65530351702276
103.54016704103762,56.69062807501355
105.34073780164796,56.410511174774285
102.93354525583658,56.65048735531867
102.8408027408419,56.36673348945104
102.80710245459564,56.124975160061375
103.33013225788567,56.24001905572919
101.95093185435546,55.95426311971659
102.82963384282002,56.46797879575369
103.43641575477164,56.821402385440784
105.15819168760852,56.37332381879137
105.63645243463141,56.104625601350584
105.1303249402298,56.52270990695248
105.5819710673536,56.269781682301584
103.3366120709607,56.16069416484554
105.94515338806292,56.62579760486021
102.60034023715372,56.0633847642236
102.9609423388737,56.35792793120206
105.21211340658213,56.21577406560091
102.15575191536114,56.69002314755969
102.25767288736687,56.505039326262334
102.52939458630374,57.08017192227974
102.02667329309135,56.05943157002831
105.71284801111538,56.618904661737126
105.47574188181264,56.505575820062546
102.92409308109355,56.93796580404733
101.87930692460718,56.086842276630314
102.75952162430087,56.82308443715775
101.92193165780593,56.40590516261681
102.75280991514602,56.48822719810391
102.40259608256922,56.22867180165119
105.38966943349291,56.110244702362166
102.04051787889,56.19773781642189
102.46852880140324,56.87120016737058
102.0140811295365,56.04809638725456
105.65884646555068,56.60576196115298
103.46965503489153,56.401747881386
103.42037805938412,56.113888872195986
101.92848663242896,56.11896149363955
103.17128447616577,56.94683028041254
102.31969861909799,56.78295162483117
105.58897927817969,56.63959405791417
102.6717084485154,56.49104463867547
103.49023475258014,56.157505817069755
102.6537691684986,56.5672347434157
105.2495052012633,56.283390757652256
102.7124641822705,56.42086547873488
102.97006690854998,56.42971661656533
102.50777730751193,56.40827362088032
105.3222316911537,56.03016522200825
102.53080585624534,57.13706481951722
103.27746792496667,56.21620509359257
105.5371017596331,56.15119268877849
103.53615634728494,56.690487480356865
102.88466138674018,56.254207777709986
103.39674421782368,56.111911018602555
103.5785016822983,56.65017143315815
102.11357100965722,56.123119875411966
102.03595937073216,56.2037778029979
103.79177633119048,56.40739368927108
103.26264026580337,56.498187288329376
101.92502612042001,56.128059322147095
102.59885543721374,56.10621582472168
102.4523599272986,57.04078093294808
103.4187357017528,56.37718913823667
104.85452354535443,56.297657234908726
103.44322155389737,56.84071734678612
104.88326813485347,56.34427934081129
105.29029244272049,56.27214413652759
102.00625052751039,56.364431415579965
102.66128011461348,57.10082357624804
102.62619370373059,57.1258681438164
102.720252641381,56.22468627253029
105.3732828002032,56.131229496132335
101.90144415751399,56.14128343196066
105.44402459569505,56.15134084845842
102.25040907947185,56.39038452925664
102.00464665094157,56.197580201530634
103.14791006589027,56.56244224815736
103.33005127403418,56.92902631427615
102.3232192102177,56.63037067565366
103.44337751268687,56.24534418214414
103.11913686481563,56.15323144323031
105.59229417929187,56.63263938098305
102.10913892863843,56.56378919193605
102.7510344848295,56.316325389900655
105.36334413176891,56.61134525547222
102.92148212434009,57.096194314874325
105.89133904441637,56.62042460369469
101.8236061995598,55.88802792090779
101.90683105081322,55.90922862236094
102.9177017846864,57.02650431745359
102.8254854641099,56.38428931431815
105.43832581691795,56.395783035979456
102.25816156209103,56.15898054223647
103.38743145932031,56.49298736370438
102.10050600713552,56.09437310879724
102.08357779522852,55.956612496258494
102.26490354530887,56.22139440132312
102.2777185967335,56.6683996765211
102.31873155322528,56.651118757989366
102.24479248321511,56.10696312348518
105.50901232145189,56.382421990079706
103.64807386818501,56.153494523892974
102.64921726155917,56.66996865355323
102.34452648470926,56.97763438324019
103.53352501587439,56.15602981133146
103.37615321948557,56.34791413102329
102.43967277513595,57.06059545415728
103.68658771999856,56.39274186052552
103.61643838405645,56.49939427927732
103.50420329540961,56.726046156968806
102.79884078539531,57.0951875170185
102.67111821675998,56.199482749974045
105.16390996055105,56.15838292874592
102.19865603988417,56.39192885110207
103.63709189264709,56.44508311645
105.4594889573288,56.14891060689103
103.91366346313573,56.56147653113035
102.2560415283531,56.741703396610355
102.89429861706326,57.024795813495885
102.7255400484879,56.514752955055144
101.9136632917783,56.31904028807898
103.36826332133033,56.21288191281799
105.13356927267311,56.18114291474344
105.73244642355542,56.70447499178968
103.37687180153998,56.20213886590125
102.42539010153413,57.11401794298766
102.65627191821632,56.23629418119064
102.1291321028227,56.23735323826957
102.2992546912173,56.91559879096994
102.81059135792664,57.076320915797226
102.71055153544474,56.469712693334046
101.97854547804698,56.23691937937915
103.62039026392422,56.463526816240915
105.05652932468529,56.6444065746352
103.24608966950831,56.84037740543122
102.52689126453066,56.2169084318047
105.47384844013251,55.99987441539117
102.45393887047354,56.20418539342826
105.1767173348697,56.35750575010153
105.31079011634537,56.69180376318897
105.85549403905536,56.62111946440835
105.66129364831401,56.0912560984235
102.67695925916395,56.06031899462595
103.43075873814551,56.59829206145534
105.36524549677362,56.63115316864185
102.75109654806168,56.33829193529646
102.52697866240585,56.9139205279497
103.82067972225185,56.49542358348501
102.35765666537887,56.73264811975908
105.39804290686425,56.312569514541416
102.09821082745901,56.16066761261715
105.5163312096847,56.002253774773315
102.13167369526742,56.869116803207646
104.91415630126099,56.29418220463015
102.63957875133113,56.21582923812388
102.82964713223775,56.99305208922858
102.34634824245362,56.71529681069404
105.18085413692617,56.361719509961944
103.08006242089787,56.84787343999331
103.2196760548784,56.40946168640291
103.71671358189465,56.517614189346986
102.3386686651114,56.625349794824636
103.34382453087316,56.3858561559529
104.92684484418159,56.24338624687257
105.31835161386968,56.255443296367915
105.36614819279433,56.10299471462017
103.53209999285089,56.84690973719305
102.66293164712432,56.469237055986795
102.13290015169892,56.083461312622845
102.3876624134167,56.92156108192303
103.38431887482471,56.27729506320984
103.35768168567104,56.89654994166552
103.41005162438732,56.11343060129912
105.54236083699492,56.37761461102976
103.69849025479226,56.140380173496474
103.13999662355859,56.550268229014335
102.86869225103258,56.48829638889402
103.45018339164054,56.42216658987318
103.1627549365704,56.646905341116636
102.75629262413389,56.475760865711486
105.66979060096871,56.2557551404926
102.17722685633412,56.032170952655164
105.5507587700611,56.29914270067827
105.97336221848566,56.62229896135843
102.75962138134977,56.21201098913081
105.66511369376066,56.097909841908184
102.34875584043304,56.64805485043949
105.47400769666707,56.017629216572544
101.84737347473491,56.186233651685576
105.81508472174706,56.62093452221292
105.7141185510478,56.618705167703084
105.62278106442989,56.71491654823688
103.50586556624009,56.4812279415171
102.04457146915531,56.022995229179344
102.04779753700252,55.93047009296737
102.76125683669456,56.05734496595871
105.59736308741934,56.620687080363446
102.35001697726568,56.10623145257804
102.13696478242728,55.98918616099473
103.89709782373087,56.55382067290084
103.14471935635365,56.64770137446581
105.66287971776377,56.61798891724188
101.97621183676104,56.24855725343267
102.91022518839067,56.36975521286378
103.78276237286721,56.447423430618166
102.7594737247298,56.472096015088525
102.8981010048391,56.307084501856515
103.30992674208571,56.58437624713385
102.02997372565683,56.20287994498094
102.48108681775608,56.976651831787755
103.11665731088159,56.50192439972139
101.96030634152562,56.07870460486108
103.34135931669722,56.57876918200376
102.56227024793014,57.18854580366203
102.39323388486223,56.31307133907146
102.05492022737172,56.010666136585634
102.7652314939425,56.628416280404004
103.54642225796951,56.00256802385524
103.3706532595059,56.491780109860876
101.82969187472577,55.84397294799778
103.31496752196047,56.433883448445506
102.21528296794082,57.070035695413566
102.71146246049369,57.07163305878828
102.2681565586396,56.23531420680518
103.42896678579679,56.83295037942555
103.58998804581512,56.62501979442127
105.48795415369189,56.15422468668103
102.27769617214338,56.38930868309884
103.22366404100018,56.36077649184704
102.23744458477594,56.23597777576345
102.43054971423015,56.88916812594899
102.97108742622164,56.62438100288209
105.33672019516322,56.53825107899344
105.921872219745,56.54731797053764
105.451012586589,56.50934511120947
102.65901450227953,56.18612590451226
105.18235911434039,56.17612579332127
103.49465472302776,56.85691537264104
102.25292525338418,57.032696631577956
102.43226991087558,56.21175399525765
105.23925317964535,56.63928364560586
105.87274049787153,56.395954140829396
103.49145042841283,56.174090196165466
105.10286010834784,56.36600841269058
105.18199175508842,56.366318087630994
103.00252545222828,56.41740396794889
103.45573237057647,56.56485683053669
104.98751284187148,56.41114175813753
101.86264484018488,55.81946886850711
103.4886034143658,56.14966436835098
103.26060246945963,56.165749366087006
102.4090158655339,56.909760103676945
103.04675951515524,56.754289330043235
105.4534581351656,56.38181837560746
102.42684093395467,56.8232562085664
105.50844057862894,56.2552759641276
102.31830580427288,56.91778335367007
102.9395774638727,56.546645700858036
102.31877644542742,57.090942226824346
102.58148431510189,57.092525357473924
105.23360618034276,56.519077582391695
102.64896812949013,56.95923350763165
102.39248388243422,56.7817278077926
102.40929484399813,56.792970689019214
105.44567193516123,56.30960382842354
105.38116154241797,56.091553071418105
102.00410639614445,56.0370319045155
102.35665139288768,56.22404761254783
102.09296541415671,56.08493233030755
102.5335245113761,56.99117928798588
102.58629023310431,56.600113016702736
103.64238620332524,56.21432098400023
105.1569377665652,56.36078413052052
102.80717267401153,56.52483208167242
103.05858547766819,56.638962826882675
102.22595656622967,56.01830175512193
103.7142393057698,56.53712714835852
102.01913640866624,56.18626998180437
102.79736887420246,56.695581635900275
102.67059328328845,57.10871116861175
102.29491937805828,56.14349676669542
103.40564372128922,56.15370840444679
102.69179898463075,56.82008378306121
103.55573765418421,56.73475764603136
101.98165803203452,55.976895727423575
102.37967989468385,56.820196036231636
102.26316511347302,56.65073287487295
102.20118625509808,56.388403519343754
105.39002008263175,56.099830248766224
103.4474258264846,56.821744198327536
102.4024795904634,56.796439052558696
105.11970968070011,56.70322399058357
102.70429875126098,56.73953314721047
102.38925068623547,57.07580956896341
102.89446337975747,57.08218979200869
103.68154870546789,56.47555631657784
102.61623430779431,56.16327756458155
102.68720046988588,56.214175067079175
103.30271275579419,56.27502804821831
101.9803984485194,56.23582475070341
102.41384088053888,56.06617892965944
105.45034013140334,56.02610271353804
105.30310913967524,56.14761572759197
102.13468838949093,56.77318320449787
102.8930300963751,57.09938013644788
105.1446986195574,56.403641654122545
102.58692528464572,56.14280258966568
103.68883953276044,56.25667538152133
102.4317066245563,56.91051678773007
102.57580221470357,56.59163153421097
103.42254552345591,56.42389119099898
102.36787958872986,56.712812235950764
103.21071792743889,56.566751336874546
101.97474738225223,56.029991435940104
103.66028734996303,56.37021912560109
102.7490079583929,56.50062915217645
103.05966520287409,56.99823351609696
103.66083606176029,56.47582490579145
101.94577076065771,56.058686667767425
103.2878005258022,56.16414294108555
103.20704106040225,56.656689643569784
102.06139591518762,56.40576324317286
105.03328570742664,56.66232688657037
101.93421652029184,56.391710243393675
102.89102017450503,56.63017950959071
105.00771187742646,56.48141320487769
102.58438527488696,56.04206807859124
103.52285970226308,56.715577980225774
101.75987699855685,55.91205903521057
103.09329608145048,56.642557981959584
102.6211269029625,56.601559427383755
102.04988099643101,56.015628558744304
102.65831836830392,56.61763675964948
101.86401551491974,55.82356552627798
102.75084893960496,56.057043953736134
105.3152668417238,56.377386730145865
103.52589469658112,56.10518825481435
102.27070391004447,56.67758323388038
102.69472674813113,57.09424903793151
103.40489404264757,56.50990493106912
102.4227517070086,57.124653903712804
103.18335863901947,56.16667111263977
102.5564269258579,56.72607043360303
102.99768687589871,57.02468470487243
103.29644385641033,56.357310511731974
102.20352580689365,56.816510983928744
105.26405045890942,56.40747929516428
102.30434203533856,56.290822741478316
102.32115962630934,56.62917561679895
102.90802459746519,56.755165296784696
103.51433875156752,56.478676266675464
102.66925894076898,56.60757863104071
101.94795259648161,56.320675948334724
102.22605504572593,56.96486704433462
102.60970781933,56.66186447880907
101.86125950528692,56.20131960382007
102.77416768183663,56.05696396948697
102.88949457357485,56.271366146486216
101.8750671020717,55.820604927170905
101.99458378922454,56.32841438592565
105.25478966883395,56.198613271676884
101.91741058753212,56.08785841864065
103.76226077297764,56.32682178342672
105.31618143788329,56.37503931080066
102.23080563234205,57.158354237562996
102.2892559779341,56.231572703377346
105.62249495767793,56.08739983064642
102.25042455042423,56.40838556737845
103.0446469605143,57.0531978717528
102.13878089778142,56.403774907275775
102.40993649463205,56.718464641415075
105.33458643018231,56.2008842554001
102.21086973723855,56.98601685191981
103.69306602418966,56.23368676366518
102.9293729486024,57.090380745583865
102.83691314838929,56.406342252855914
102.53578873492077,56.10470526893709
102.56809108135324,56.21703802149568
105.47541281138574,56.382903611561595
102.19241413421877,56.74905610717546
102.37087652516036,57.175799714115065
102.69931784191121,56.58952801531998
101.91415530437347,56.23918763222907
102.31451398735237,56.39262201724312
103.73396773992211,56.53552321400065
102.13359411665341,56.34774877996455
103.07528342280952,56.77941513233384
101.94905528536727,56.47634573816736
102.00127939251139,55.90781583450128
105.43016048939144,56.2617425669385
101.90400829163735,55.79952755653731
103.0856923718083,56.76556656662779
103.03722850744461,56.535314144340305
103.52190403214341,56.716789739843726
103.29324235673101,56.95190055138074
102.20093154792596,56.965134010942485
105.48173581801333,56.017892511334814
102.72985049878181,55.93827466991886
102.04917376977488,55.89510957920505
102.1923002018762,56.25579052788667
103.73508193154271,56.40447929198539
102.3907374243368,56.78314926163616
105.49441998082966,56.3822412580355
101.88004740518645,55.82402400934469
105.52556383999611,55.974474943796054
102.10427049413558,56.777740560772585
105.13317850481302,56.51043814304642
105.08606740157822,56.52765269136988
102.34142334225933,56.40694322767095
103.07356043666731,56.42127276680024
102.50639554977619,56.56715131675019
103.4760775307796,56.30471341363168
103.41192019763137,56.83194903212307
103.31840131357207,56.15757010135441
103.00836304082905,56.77711560951519
105.71195458357339,56.18692180003721
102.73396688995697,56.486245659346416
105.3689485826077,56.12501707117077
102.24249869917507,56.40304815940154
103.20203489520777,56.43530419448229
105.49872679393592,55.99813306554258
102.46103481274545,57.10124253859493
105.13857720825285,56.497063241570565
105.08691783299047,56.15288653183941
101.84729687835167,55.93378803103379
102.45436349704991,57.20566657063053
105.02461160112719,56.53048320055155
102.96511976416664,56.90383159712974
101.95339945350013,56.063377598247726
102.75694099050352,56.4680169176022
102.01165674494287,56.155019985076414
105.56653337696947,56.141504282379344
102.29833385515246,56.64740712122988
102.17965296259757,57.08935087040132
105.27257513868615,56.16977109474484
101.90749056441012,55.80419592669528
102.8702538131575,56.37653768318678
102.50583788813697,56.851210251908036
105.62303834129071,56.35612596343442
103.7878138392374,56.40338306773746
105.66757221307314,56.6197064314522
105.1043778665979,56.338279507169446
105.5393356574128,56.48770438064909
103.32277244700674,56.146866434980126
105.52251596933873,56.68960590611455
102.93705911460825,56.91759169550015
105.13757587250245,56.508859587924825
103.14336040907668,56.34275519750672
103.63094350560175,56.13975037950238
103.05657578205646,57.01377857412233
105.2095341624279,56.52201140649578
105.10561074346626,56.48656612026546
102.51154139388373,56.15924187850437
105.12758073776858,56.325707261136
105.34133886310532,56.147992899452824
103.41685463277696,56.77541053168147
103.77270283638777,56.48382331107853
102.50709519928635,56.71678439489147
103.6856052218336,55.88785240556751
103.6994920086602,56.57004918819222
102.19972335666547,56.17788426116787
101.93721981881298,56.04298878171022
103.73985413061253,56.14677252589556
103.54991997931839,56.72102873539425
105.71846023460806,56.5954369034116
103.65148215315885,56.619916864611945
105.69001291337898,56.63370364469796
102.7699902552561,57.09815568492184
103.07204433034748,57.013444823062514
103.81223497547717,56.44830974345659
102.96586731863658,56.7989247955262
105.87520965682687,56.59449807873307
102.99398685572653,56.50945944839833
101.97775116124025,55.96985461825155
103.06105403338955,56.16620339109729
103.02963172401878,57.04506950770663
102.46185697444574,57.03757581196893
102.6104044062806,56.10318395250544
105.08629583891894,56.532633540404774
103.42575759567254,56.488194827010346
105.68405025205857,56.56274610914955
105.10233692458291,56.405697088423125
101.9417006273019,56.04167801664756
102.34973183642471,56.0627725171304
105.32640918490115,56.48016367808961
105.4959198659145,56.14375458929344
105.31275496430712,56.69031165336227
102.52082930278708,56.80082453964057
105.00708611006557,56.1815601368545
105.07649815343949,56.67296246172725
103.45707720449185,56.34727095338216
103.05679227127463,56.508597355322784
102.14545954368916,56.17810680968073
105.57226834349873,56.041109563267966
105.68160320815021,56.075528378342874
103.36041372787227,56.57642185999863
103.7833959915098,56.52045393989911
101.97335003514767,56.131183248386
102.08375824796585,56.366592304454684
105.2626961559501,56.64809734710055
103.60264129786408,56.47922650688659
103.52411634418227,56.717303003146235
101.80636666912244,55.89179287103745
102.14422606162546,56.3086777153684
103.28025756459067,56.25079749317493
103.31411922855158,56.51051030956009
102.31544096837109,57.26965433548921
103.07717830957807,56.27390479962587
102.6286675105743,56.468549003054974
105.35047237816683,56.14814805181218
102.79649989002934,56.10089998911292
102.02463428792412,56.379507592220506
105.24377919460868,56.1852083280126
103.62259770555262,56.15007227718177
103.50475734862025,56.347947452021984
101.89671843179906,56.08906011458171
102.80688822383149,57.10121914541947
105.3864467548157,56.1331179652111
105.28909841535722,56.17083380106247
101.93733077229582,56.088162755782875
103.7081013272209,56.534977902542046
102.31674464514671,56.71569876418501
103.52141053137974,56.719254628958694
105.31201550570809,56.28071203314657
103.76758945057608,56.486514871317446
102.00184210905635,55.982438361274234
102.8073525915539,56.444625287071986
105.04009835152361,56.56192739520803
102.56977570974017,57.02514739946791
105.77912927590849,56.33713608563222
103.73723515215298,56.50270652858937
101.95771548520398,56.03517246823029
102.19982283046998,55.96378542349922
102.88271732541378,56.276232288124305
102.71111759886172,56.33254202052589
105.50153960016571,56.62013071330183
102.69167755381169,56.218992634608476
105.748147523158,56.09357391819824
101.88793275403484,56.11221901025324
102.89446572290451,57.123559077770615
102.49151111217651,56.0644564425503
103.68574631609503,56.61996066938742
103.32901032570923,56.20255657970972
101.8416094281046,56.08904167802632
103.17737470731888,56.36537770622281
103.68662345642001,56.584595604526776
102.77556130857634,56.47795843683186
102.78005979105968,56.6307950846445
103.77760409825062,56.38587907478795
103.26427388863519,56.507189860152096
102.41482313368238,56.91106516096637
105.49597690073753,56.00225335893255
102.48790723207978,57.06987352548591
105.17515846791204,56.41448047687768
103.73219391952921,56.521278028223534
105.50622438503676,56.00721697703037
103.2471075447967,56.76811138767525
105.34802274372691,56.515027237645526
102.48701321053531,56.12573179222575
105.04402421832683,56.59145140716222
103.4292648782593,56.14517395585647
102.6195060682671,57.0746409633901
102.04539243654554,55.91011453773779
103.73042887446839,56.350464999314724
102.2640131855778,56.87449724316319
103.87655061703002,56.55649170203984
103.17211986930802,56.73972848142575
105.34827767921007,56.19240133908224
103.45186737308727,56.03499057548857
102.49553191458467,57.28123309189207
101.79515991333949,55.979027369740194
103.80678386495761,56.23524962089138
102.29647809431133,56.154035947177455
105.18565971822132,56.65271414051141
103.711249889934,56.559426264835885
103.65828010702057,56.76241191721007
101.9712907451349,55.978436050355825
102.41902083557629,56.749089690346146
102.15052652454331,56.62947344142763
102.59588235563118,57.06074201407895
102.82168130438762,56.75583271507569
103.7467255958997,56.182033833793426
102.53465536557269,56.19616994253389
103.57293393722371,56.47380319584619
102.06151240798555,55.95329836599084
102.12979954342326,56.28104585725044
103.39190409742248,56.82803163182919
101.8841018994207,56.109168201706126
105.64112796783357,56.23544648484615
104.9269637127335,56.292316390301785
103.49228874741144,56.72039931752248
105.30029481553079,56.396184629798014
104.90424458236895,56.2693122302422
103.34414111940829,56.14190607874231
102.13580006659186,56.585603599587586
105.16162408905586,56.52625862060418
103.54794164088446,56.474802401497975
103.57667204576482,56.34629824933658
102.10216556375089,55.9753942163914
102.31812172025634,56.750405479738234
102.57550264242238,56.23913114929522
102.61991054067079,55.966388886279944
103.30719394966803,56.25994004729388
102.09912056190892,56.40885948065643
102.00656076688969,56.3160096639543
103.30568174183851,56.437678915699365
105.26837427116051,56.18512223313416
102.75011791505979,56.910136570519136
101.99280576810933,55.88821019775283
102.71163994906165,56.66345795629336
103.38235305386233,56.34929165168825
103.78208033391418,56.47036667357307
103.75067659808157,56.40229317706554
104.93990065280005,56.24537153460267
103.41529923956234,56.433234930950384
103.93174412585823,56.530039973899044
101.9297573419183,56.02151076234365
103.18202523640828,56.72621600763774
103.11237189606811,56.43945495723822
105.22022107433236,56.37532925816353
105.91925394986927,56.604771626792036
105.6919187391056,56.06998058890692
102.90063162109743,56.265812283683225
102.28764979075568,56.74769995475165
102.42541603613842,57.2696840132474
103.07802745877277,56.91375439461704
102.09182311943401,56.80952408023942
103.40930827976923,56.35097053538428
103.23653985643507,56.50900743058888
102.44812037253968,57.105075564718604
103.39731244801867,56.272956001718654
102.70686937114988,56.63357039543902
102.58660315855319,56.10203207491628
103.68996724266268,56.404320846206076
105.67023299415193,56.067843104601586
101.89635987233129,56.2730138094403
103.63608155526538,56.626057493542824
103.30556472568414,56.577062317068815
105.01957657659084,56.178448913409206
102.93753697864875,57.06447066154064
102.99765479213657,56.9826708125418
102.60572933130767,56.05758889470859
102.980088809163,57.02043624716213
102.0887983135763,55.909862248149
101.83978326102657,56.09035482742635
105.43145719735321,56.62968179257059
105.06860894014788,56.16845007858931
103.11585601405233,56.904969276115416
103.43988439126225,56.486476644488285
105.08248847887224,56.652586266844466
103.54143488089557,56.72878325857586
105.72918583109498,56.596932618963024
105.68085768073873,56.20782703737844
102.31674577847818,57.33049931560069
103.82955895062705,56.22889411663385
102.69005535404212,56.46118093838565
102.9222571793231,56.30135714629193
105.60346182914314,56.30738473889415
104.86765578449577,56.31347200008522
104.86354627411775,56.28555329313017
103.45504249316053,56.146442305594924
104.9508932991507,56.512649375444234
105.74509450632148,56.089674556728475
105.55350352080113,56.27729088950113
104.91300886514883,56.291641073398836
103.32058454720162,56.60267531807587
103.67656946591394,56.61825369073352
105.26635895663466,56.51765484684467
103.69204283973038,56.5692453053353
101.88909395583752,55.93510695708821
102.44744701254876,57.064589302433546
102.33879770160854,56.71480136337973
105.20128524707164,56.69906557763994
102.29075974942157,57.30895743253535
102.25939669435385,57.08869187333829
103.65534417454663,56.283240130526536
102.40225181178054,56.188837684516834
102.82559337348862,56.441695072317096
103.65289216887908,55.910922645643446
102.08212616309325,56.28838223296018
102.11613742854888,56.80557096985326
102.24904884990731,56.17407003455009
102.75178179105613,57.046297066504486
105.24220997832067,56.63500665676261
105.08310474026837,56.64304486070556
105.29666137086937,56.371700646074466
103.60286440474583,56.560363591188946
105.25971898829299,56.504894158879566
103.12697668652729,56.58241676637743
103.44162191895128,56.249738424515854
105.28430855559527,56.50059890684126
102.76826556652902,56.48464783713602
103.85357517127977,56.39735155802561
102.64244345070983,56.64686932719442
103.13278664806025,56.164244193196794
101.86229026376077,56.10755532317506
103.81498691636536,56.222878871517565
102.21539193327195,56.657659102014634
105.1922637627792,56.13488736168894
105.36460848858593,56.33736256426387
102.28816364192623,56.06987936852993
103.2930285295107,56.73145145528864
105.41902382901887,56.37356276349869
103.22665386561492,56.95191186245758
103.6076648530835,55.91397682825295
103.20072912043298,56.819194894253755
104.94321104511742,56.29078828372348
102.91059768433851,57.093805132420684
102.39847388653497,57.28446357097368
105.76596319319013,56.4445764621708
103.48108029131821,56.45428585329364
102.25759351404986,56.11215832730707
103.52040782320208,56.69729930526697
102.69352229588218,56.76414792041731
105.51508030265205,56.13177408555171
102.0555935594346,56.50742380010579
102.19125412729706,57.06766314206702
104.87377645802619,56.30892236561232
102.2424149065589,56.23038480703131
102.78044074137853,56.48367159899402
102.93394746271218,56.2698765047777
102.90999789839263,57.0961134543603
103.19909614040559,56.81794205315461
101.87768490639651,55.84295687009218
103.73408548505842,56.05562728913962
105.54164181090873,56.23842938259264
103.19684225934377,56.16180767508766
104.96721676503809,56.53638863746787
101.89583352861312,56.27343565825635
103.81635009694715,56.255969874295765
103.08787951591307,56.863795013256976
102.6565158615832,56.90717671408771
102.27519988262003,57.11285522311518
102.46882074012419,56.62129283658162
102.81457016349489,56.449455982241105
103.65377184074914,55.916179274884485
105.81575123545636,56.52851507028582
103.6867321650172,56.76113832426886
102.21151767383398,57.029160026574125
103.8289134411311,56.45396023966283
103.41514388416252,56.84068464263518
102.0990620753172,56.04514415839902
103.33497541950739,56.71746828918268
102.58699121593719,56.68783623985999
105.27258759339003,56.70885224186322
105.54228145455993,56.412319628346914
102.49463858888775,56.13106959617456
105.69899493501217,56.08434429701702
105.3061038893776,56.64548019797046
102.45552313691239,56.07688699567152
102.2686314741482,56.230045349476086
103.55520943173367,56.2800576129291
103.071550437147,56.26678607995444
103.08637302059836,56.91360707079946
103.0754536470023,56.81575944382317
102.64953301512183,56.2156536660707
101.98028647557763,55.98587176326156
102.91628563142932,56.62159756744033
105.38619433472932,56.6424111268201
102.96998419893794,56.44415911077465
103.61285337066683,56.14514064733442
101.93953562673315,56.251674202702056
102.52618203537685,56.91972823471275
101.8366034906855,56.11953146506114
103.86880391669301,56.61751539257999
103.82353127125647,56.23596784614444
103.62360237448097,55.93074366240315
102.44375809063611,56.17699268544674
102.10733526226869,56.772892029535626
102.34306138158388,57.27665397021237
102.67621011732265,56.59307836814097
103.08704637716095,56.91540996013855
101.95398298643573,55.85443844031623
105.336331399832,56.23403166289174
102.67638195206766,56.62416284172835
103.22597522916195,56.197941188726425
105.23614146498468,56.238497676391205
103.34939713232005,56.25173362470518
102.21099541227223,56.03947991929901
103.13388053180849,56.95042663052825
103.41997393204963,56.32313716690459
102.09261489391898,56.097451159355444
102.32568047264728,56.235141187520895
103.69138140692037,56.55288757504203
103.21436584271079,56.57866989009409
105.72969074897492,56.606902087595884
103.83346451956719,56.23694603072705
105.00549403143106,56.617730247623705
103.12393030356468,56.300131052474946
105.36988526235099,56.45920885849013
103.50236447703452,56.49092960012297
101.87413179100413,56.089545208292265
105.19414825754873,56.40459815197424
103.38186099508683,56.57275306009899
102.01009497963021,56.342388334058036
102.1128554193903,56.23205406965011
105.16633802646443,56.65192907236911
104.96383091811315,56.418497038965164
103.71149105114199,56.13151576320648
102.61918891091808,56.147478765996475
102.2315065956908,55.939221205353704
103.2654381960404,56.25346150448474
103.57172343490524,56.244924318558574
102.74198456012655,56.77877240286349
104.95756179441241,56.2571225506691
103.69859848697683,56.402507488695875
102.82844294659911,57.05868031564308
105.62357020815536,56.276645617210214
105.51882183868311,56.132559309330865
105.10112942641773,56.38031666063408
102.40703506720612,56.554594434839515
103.66613452817364,56.264222562493934
101.98677805334597,56.159862316279096
103.83143797309025,56.45272250571128
105.52107759866037,56.534179332722935
102.5841159301858,56.18418309837592
105.26587684106048,56.58640723957649
102.8925502558295,56.38354665938631
102.48371313152457,56.257305877062514
102.06691387895816,56.75944518051318
103.14189535062319,56.950712049051326
103.07576931889645,56.65536341690179
102.24620457125279,56.11179033878413
103.31029277139494,56.16331116343864
105.61151906093107,56.047408091524844
102.6238218294631,56.823024055067464
103.48348801119624,56.36523068277405
105.72767157114683,56.706581747656806
105.42322430651771,56.292248689409114
102.40399093332832,57.08687749875669
103.88270697491176,56.46868716825353
105.72006287943573,56.603296044933934
103.74351845157096,56.23479476693831
105.36220944628276,56.46526599283783
102.46332423924028,56.239173040119546
105.17036647297319,56.306548361593094
103.55882038270911,56.69915877718029
102.81036568698136,56.83265666441149
102.28108624481497,56.06918040833356
102.85000365126344,56.428662445039684
105.79088731236496,56.596362978547546
103.6576699954316,55.92928802100608
105.18245093277658,56.67939062718063
105.67257591526305,56.17431234231593
102.49417064440328,56.2388659376477
101.92457154024567,55.81497883058477
102.10538997803415,55.91065341827804
102.57978326043416,56.68991327162842
102.81087715401318,56.9760287616278
105.14517091313932,56.7196437765348
102.48327801764806,56.0785138737604
103.05340206350708,56.34551725359909
103.94679089512422,56.584952487323015
101.79598763094027,56.007820595161576
103.21574997297671,56.124275238221806
102.04189684046072,56.422212173020974
103.21981969685835,56.85699806147827
105.10251407592803,56.66879808722954
105.21225998005812,56.66428707418597
102.11944279237764,56.79332833783076
103.3628536732598,56.50326586230967
102.08965118841411,56.621570460940255
102.68219169493261,56.83055724215053
105.11620090999254,56.1846948682764
105.42231922250812,56.138463621162906
102.73281149850737,56.968855537263416
102.17201596941779,55.97505308702834
102.96899832987545,56.70589336712088
103.24060359223216,56.95367049012136
102.26226528073757,56.97273407335563
102.41322459828407,56.77653262146079
102.40647606812314,56.21184597650108
103.5870212703151,56.71930716862321
103.2430930289294,56.78242160213294
102.37154494125264,56.27085179080963
101.83678488049235,56.11357544232383
105.33231792935786,56.44539015860073
103.03599932560722,56.67902624387751
103.17535282579307,56.59226791776977
105.6742851847939,56.067511614144614
102.48834416356999,56.61291390321993
102.38521747027794,57.109728066196084
103.9372534319989,56.578942479176206
105.26897586703765,56.12706192172001
102.90081828809213,56.83642799002677
102.68495025550413,56.81338868854131
102.72077513853827,56.539430420668545
105.02494517879177,56.41968347668645
105.1241119322238,56.25208720816617
102.80363730201589,56.9317477434637
102.36468054852602,57.07352901866469
102.89376130714285,56.3499450279238
103.01271125066279,56.421349303596486
101.95187586674106,55.80671960536629
102.38085675873651,56.2420154371448
103.67319413827069,56.428173037846
102.31576658294594,56.20170781645881
102.20382191342468,56.88669248246663
102.94950867279066,56.637118485783084
102.38415768834592,56.737986890814604
102.03594860787835,56.422746396214464
105.71453979897768,56.602685154628354
105.09020883511884,56.51686145248283
103.31392642737814,56.49978108884603
101.83707378502699,56.11094828927144
105.80173354898787,56.67183714436716
105.39356594590784,56.159324513702764
105.6397931719482,56.320110027692984
103.98140347973504,56.60139350110255
102.38068590867381,57.242070253371935
105.28566313268907,56.14362447397057
105.35771713845465,56.36809181566426
103.44515303231145,56.7772872115647
102.86557436268866,56.907771399000964
102.08890165754703,55.98636535568466
102.47623973495098,56.12185271789564
105.31689981029444,56.239723952668115
103.52416818205441,56.21931271783395
102.74731054992793,56.77989285661218
102.24719361896331,57.27670906642809
105.23312454872782,56.283329158902255
103.41636397278332,56.586411984821794
102.85427781868361,56.303577863298685
102.68538632802908,56.07603395357151
102.5845682829262,57.01785233184477
103.84790033305677,56.49684716637997
103.81428795829922,56.20122675089941
102.09460707122881,56.65377307029453
101.95423939476647,55.988984889678896
102.34107993443075,56.58172729723152
105.09601317371627,56.60992138874227
103.5549132880009,56.40626504038335
103.62774557245736,56.503240915938456